## Daily log returns of Intel stock from 1996.01.02 to 2008.12.31

date           rtn
19960102       0.033040
19960103      -0.014925
19960104      -0.004329
19960105       0.000000
19960108       0.002174
19960109      -0.045553
19960110      -0.015909
19960111       0.050808
19960112      -0.004396
19960115      -0.057395
19960116       0.044496
19960117      -0.100897
19960118       0.017456
19960119       0.007353
19960122       0.012165
19960123       0.013221
19960124       0.039146
19960125      -0.002283
19960126       0.006865
19960129      -0.010227
19960130      -0.005006
19960131       0.020497
19960201       0.018388
19960202       0.008889
19960205       0.030837
19960206       0.017094
19960207      -0.021008
19960208      -0.006438
19960209       0.002160
19960212       0.004041
19960213      -0.019050
19960214       0.015317
19960215      -0.008621
19960216       0.001087
19960220       0.005429
19960221       0.021598
19960222       0.031712
19960223      -0.003074
19960226      -0.007194
19960227      -0.002070
19960228       0.008299
19960229      -0.031893
19960301      -0.046759
19960304      -0.021182
19960305       0.009112
19960306      -0.038375
19960307      -0.002347
19960308       0.007059
19960311       0.032710
19960312      -0.006787
19960313       0.022779
19960314       0.000000
19960315       0.048998
19960318       0.010616
19960319      -0.012605
19960320      -0.055319
19960321       0.006757
19960322       0.004474
19960325      -0.021993
19960326       0.022488
19960327       0.008909
19960328      -0.004415
19960329       0.008869
19960401       0.004396
19960402      -0.004376
19960403       0.013187
19960404       0.028200
19960408       0.023207
19960409       0.020619
19960410      -0.002020
19960411      -0.021255
19960412      -0.013444
19960415       0.015723
19960416       0.071207
19960417      -0.010597
19960418       0.024343
19960419      -0.007605
19960422       0.038314
19960423       0.005304
19960424       0.031429
19960425      -0.008897
19960426      -0.005386
19960429      -0.015668
19960430      -0.005505
19960501       0.001845
19960502       0.001842
19960503       0.010110
19960506       0.000910
19960507      -0.012727
19960508       0.012891
19960509      -0.001818
19960510       0.007286
19960513       0.037975
19960514       0.015679
19960515      -0.006861
19960516      -0.006908
19960517      -0.010435
19960520      -0.001757
19960521      -0.010563
19960522      -0.005338
19960523       0.014311
19960524       0.001764
19960528       0.021127
19960529      -0.015517
19960530       0.001751
19960531       0.055944
19960603       0.014901
19960604      -0.004078
19960605       0.007371
19960606      -0.021138
19960607       0.000000
19960610      -0.014950
19960611       0.015177
19960612       0.019934
19960613      -0.022801
19960614      -0.026667
19960617      -0.013699
19960618      -0.022569
19960619       0.014210
19960620      -0.003503
19960621       0.003515
19960624       0.031305
19960625      -0.009977
19960626      -0.005146
19960627       0.018966
19960628      -0.005922
19960701       0.022979
19960702      -0.004992
19960703       0.001672
19960705      -0.036728
19960708       0.012132
19960709       0.005137
19960710      -0.006814
19960711      -0.046312
19960712       0.025180
19960715      -0.029825
19960716       0.012658
19960717       0.023214
19960718       0.012216
19960719       0.003448
19960722      -0.006873
19960723      -0.038062
19960724      -0.007194
19960725       0.045290
19960726       0.029463
19960729      -0.018519
19960730       0.021269
19960731       0.010084
19960801       0.024958
19960802       0.022727
19960805      -0.007937
19960806       0.022400
19960807       0.031103
19960808      -0.019541
19960809       0.020124
19960812      -0.003035
19960813      -0.022831
19960814       0.018692
19960815       0.000000
19960816      -0.009174
19960819      -0.003086
19960820      -0.015480
19960821       0.009434
19960822       0.034268
19960823      -0.016566
19960826      -0.004594
19960827       0.003077
19960828      -0.003067
19960829       0.001538
19960830      -0.019201
19960903       0.022709
19960904       0.007657
19960905      -0.019757
19960906       0.007752
19960909       0.027692
19960910       0.009731
19960911       0.008154
19960912       0.004412
19960913       0.032211
19960916       0.005674
19960917       0.063470
19960918       0.014589
19960919       0.014379
19960920       0.003866
19960923      -0.016688
19960924       0.007833
19960925       0.007772
19960926       0.001285
19960927      -0.005135
19960930      -0.014839
19961001       0.003274
19961002       0.033943
19961003       0.005051
19961004       0.021985
19961007       0.030117
19961008      -0.029833
19961009      -0.007380
19961010      -0.009913
19961011       0.055069
19961014       0.021352
19961015       0.032520
19961016       0.013498
19961017      -0.016648
19961018      -0.006772
19961021      -0.020455
19961022      -0.020882
19961023       0.036730
19961024      -0.017143
19961025      -0.019767
19961028       0.005931
19961029      -0.015330
19961030       0.023234
19961031       0.029274
19961101      -0.010239
19961104       0.014943
19961105       0.032843
19961106       0.042763
19961107       0.027340
19961108       0.001024
19961111       0.013292
19961112      -0.023209
19961113      -0.012397
19961114       0.003138
19961115      -0.033368
19961118      -0.004315
19961119       0.046587
19961120       0.001035
19961121      -0.016546
19961122       0.030494
19961125      -0.008163
19961126       0.018519
19961127       0.023232
19961129       0.001974
19961202       0.001970
19961203      -0.009833
19961204       0.028798
19961205      -0.009653
19961206      -0.019981
19961209       0.035306
19961210      -0.007685
19961211       0.060019
19961212       0.000000
19961213      -0.032877
19961216      -0.038716
19961217       0.021611
19961218       0.044231
19961219       0.012891
19961220      -0.020909
19961223      -0.017642
19961224       0.024575
19961226       0.008303
19961227      -0.009149
19961230      -0.015697
19961231      -0.017355
19970102      -0.004296
19970103       0.061361
19970106       0.003613
19970107       0.032403
19970108      -0.007847
19970109       0.005272
19970110       0.010490
19970113       0.016436
19970114       0.001702
19970115      -0.034834
19970116       0.002641
19970117       0.011853
19970120       0.008243
19970121       0.019363
19970122       0.027438
19970123      -0.002465
19970124      -0.008237
19970127      -0.002492
19970128       0.005828
19970129       0.025166
19970130       0.034733
19970131       0.013271
19970203       0.010015
19970204       0.005339
19970205      -0.045524
19970206      -0.026232
19970207       0.021224
19970210      -0.029576
19970211       0.000000
19970212       0.032949
19970213       0.001595
19970214      -0.015924
19970218       0.000809
19970219      -0.004850
19970220      -0.025995
19970221      -0.023353
19970224       0.017933
19970225      -0.000839
19970226      -0.017632
19970227      -0.044551
19970228       0.015319
19970303       0.028194
19970304       0.003428
19970305       0.021349
19970306      -0.027592
19970307      -0.012898
19970310       0.008711
19970311      -0.006045
19970312      -0.007819
19970313      -0.010508
19970314      -0.023894
19970317      -0.010879
19970318       0.002750
19970319      -0.024680
19970320      -0.000937
19970321      -0.020638
19970324       0.000958
19970325       0.020096
19970326       0.055347
19970327      -0.010667
19970331       0.000000
19970401       0.001348
19970402      -0.016599
19970403       0.026460
19970404       0.031111
19970407       0.000862
19970408       0.010228
19970409      -0.029735
19970410      -0.035149
19970411      -0.049180
19970414       0.024904
19970415      -0.020561
19970416       0.022901
19970417       0.029851
19970418      -0.006341
19970421       0.009116
19970422       0.019874
19970423       0.036315
19970424      -0.000855
19970425      -0.015398
19970428       0.017376
19970429       0.025107
19970430       0.020833
19970501       0.004082
19970502       0.025203
19970505       0.030928
19970506      -0.027692
19970507      -0.013449
19970508       0.018444
19970509       0.004724
19970512      -0.002351
19970513      -0.042419
19970514       0.003281
19970515       0.034342
19970516      -0.018972
19970519      -0.002417
19970520       0.040388
19970521       0.009317
19970522      -0.006923
19970523       0.011232
19970527       0.037534
19970528      -0.012920
19970529      -0.020101
19970530      -0.074897
19970602      -0.011551
19970603      -0.031720
19970604      -0.017241
19970605       0.004496
19970606       0.019976
19970609       0.022260
19970610      -0.027219
19970611       0.015928
19970612      -0.026059
19970613       0.007614
19970616       0.017271
19970617       0.016553
19970618      -0.020877
19970619      -0.000853
19970620       0.002134
19970623      -0.010647
19970624       0.019372
19970625      -0.008868
19970626      -0.020452
19970627      -0.010004
19970630      -0.003076
19970701      -0.019392
19970702       0.028315
19970703       0.013549
19970707       0.016818
19970708       0.015267
19970709       0.020050
19970710      -0.016380
19970711       0.024563
19970714       0.023974
19970715       0.027381
19970716       0.092314
19970717      -0.006365
19970718      -0.015658
19970721      -0.008677
19970722       0.035740
19970723       0.006338
19970724       0.004899
19970725      -0.006267
19970728      -0.007008
19970729      -0.004940
19970730       0.014525
19970731       0.027273
19970801       0.019741
19970804       0.033378
19970805       0.030362
19970806       0.003762
19970807       0.009994
19970808      -0.032158
19970811      -0.017252
19970812      -0.008453
19970813       0.011148
19970814      -0.005188
19970815      -0.039113
19970818       0.026459
19970819       0.035360
19970820       0.026492
19970821      -0.021144
19970822      -0.022236
19970825      -0.020793
19970826      -0.015926
19970827       0.014835
19970828      -0.017940
19970829      -0.002706
19970902       0.031886
19970903      -0.013149
19970904       0.008661
19970905      -0.000661
19970908       0.014541
19970909       0.018893
19970910      -0.023018
19970911      -0.002618
19970912      -0.010499
19970915      -0.023210
19970916       0.040733
19970917      -0.001631
19970918      -0.005554
19970919       0.003285
19970922       0.009823
19970923       0.028534
19970924      -0.035309
19970925      -0.026144
19970926      -0.000671
19970929       0.024849
19970930      -0.032110
19971001       0.010156
19971002      -0.001340
19971003       0.002013
19971006       0.002009
19971007       0.018717
19971008      -0.007218
19971009       0.001322
19971010      -0.017822
19971013      -0.004704
19971014      -0.008103
19971015      -0.055820
19971016      -0.015141
19971017      -0.027818
19971020       0.012801
19971021       0.012639
19971022      -0.013950
19971023      -0.024572
19971024      -0.022901
19971027      -0.065625
19971028       0.137124
19971029      -0.055529
19971030      -0.056075
19971031       0.016502
19971103       0.019481
19971104      -0.032643
19971105      -0.017284
19971106      -0.015075
19971107       0.053571
19971110      -0.029863
19971111       0.014975
19971112      -0.017213
19971113       0.040033
19971114       0.010425
19971117       0.021429
19971118      -0.020979
19971119       0.003968
19971120       0.022925
19971121      -0.007728
19971124      -0.026480
19971125      -0.021600
19971126       0.002453
19971128       0.013051
19971201       0.049919
19971202      -0.042178
19971203       0.005604
19971204      -0.023089
19971205       0.011410
19971208       0.011281
19971209      -0.035857
19971210      -0.012397
19971211      -0.038494
19971212      -0.018277
19971215       0.023050
19971216      -0.012998
19971217      -0.023705
19971218      -0.005396
19971219       0.012658
19971222       0.020536
19971223      -0.017498
19971224       0.000890
19971226       0.008897
19971229      -0.000882
19971230       0.012357
19971231      -0.020052
19980102       0.033808
19980105       0.025818
19980106      -0.018456
19980107      -0.005128
19980108       0.021478
19980109      -0.032801
19980112       0.052174
19980113       0.017355
19980114      -0.019496
19980115      -0.001657
19980116      -0.006639
19980120       0.019215
19980121       0.005738
19980122      -0.002445
19980123       0.008987
19980126       0.006478
19980127       0.019308
19980128       0.021689
19980129       0.013910
19980130      -0.012195
19980202       0.025463
19980203       0.039127
19980204       0.014482
19980205      -0.012134
19980206       0.012103
19980209      -0.019811
19980210       0.005098
19980211      -0.013768
19980212      -0.000735
19980213      -0.013971
19980217       0.010440
19980218       0.026568
19980219       0.041697
19980220       0.013803
19980223       0.025868
19980224      -0.019244
19980225       0.017591
19980226      -0.017952
19980227      -0.028436
19980302      -0.022997
19980303      -0.026391
19980304       0.013187
19980305      -0.125813
19980306       0.033912
19980309      -0.039200
19980310       0.005828
19980311       0.004967
19980312       0.006590
19980313       0.003273
19980316       0.013866
19980317      -0.012068
19980318       0.003257
19980319       0.004058
19980320      -0.020210
19980323      -0.009076
19980324      -0.008326
19980325       0.024349
19980326       0.025410
19980327       0.008793
19980330      -0.019017
19980331       0.008885
19980401      -0.007206
19980402      -0.014516
19980403       0.004910
19980406      -0.037459
19980407      -0.016920
19980408      -0.000861
19980409       0.016365
19980413       0.033898
19980414      -0.003279
19980415      -0.014803
19980416      -0.006678
19980417       0.010924
19980420       0.017456
19980421       0.031863
19980422       0.064925
19980423      -0.009665
19980424      -0.014264
19980427      -0.025133
19980428      -0.008594
19980429       0.010623
19980430       0.008580
19980501       0.016241
19980504      -0.001522
19980505      -0.001524
19980506      -0.006107
19980507      -0.004608
19980508       0.037809
19980511      -0.018587
19980512       0.025000
19980513       0.002956
19980514      -0.002948
19980515      -0.050259
19980518      -0.011673
19980519       0.002362
19980520      -0.032207
19980521      -0.037338
19980522       0.002530
19980526       0.005046
19980527      -0.005021
19980528      -0.010934
19980529      -0.028061
19980601      -0.048119
19980602       0.018382
19980603      -0.047834
19980604       0.034123
19980605       0.023831
19980608      -0.007162
19980609       0.012624
19980610      -0.023152
19980611       0.000000
19980612      -0.001823
19980615      -0.022831
19980616       0.043925
19980617      -0.008057
19980618       0.006318
19980619       0.004484
19980622       0.055357
19980623       0.018613
19980624       0.028239
19980625      -0.022617
19980626       0.009917
19980629      -0.007365
19980630      -0.022259
19980701       0.014334
19980702      -0.025769
19980706       0.003200
19980707       0.022326
19980708       0.042429
19980709       0.018356
19980710       0.000000
19980713       0.032915
19980714      -0.020486
19980715       0.044152
19980716       0.000000
19980717      -0.013353
19980720      -0.016541
19980721      -0.001529
19980722       0.009188
19980723       0.002276
19980724       0.006056
19980727       0.036117
19980728      -0.005084
19980729      -0.011679
19980730       0.035451
19980731      -0.036377
19980803       0.004441
19980804      -0.033898
19980805       0.027063
19980806       0.034175
19980807      -0.003592
19980810      -0.000721
19980811      -0.023810
19980812       0.012565
19980813      -0.004380
19980814       0.010997
19980817       0.039159
19980818       0.020935
19980819      -0.020506
19980820      -0.039777
19980821      -0.012355
19980824      -0.003679
19980825      -0.002400
19980826      -0.016842
19980827      -0.039157
19980828      -0.034483
19980831      -0.075487
19980901       0.067603
19980902      -0.014803
19980903       0.025042
19980904       0.019544
19980908       0.046725
19980909      -0.008012
19980910      -0.026923
19980911       0.074308
19980914       0.010302
19980915       0.001457
19980916      -0.010182
19980917      -0.024247
19980918       0.000000
19980921       0.019578
19980922      -0.012555
19980923       0.041885
19980924      -0.020101
19980925       0.035165
19980928      -0.014862
19980929       0.017241
19980930      -0.031073
19981001      -0.026968
19981002       0.005243
19981005      -0.039493
19981006      -0.011637
19981007      -0.007064
19981008      -0.007905
19981009       0.068526
19981012       0.019389
19981013      -0.021946
19981014      -0.011967
19981015       0.024224
19981016      -0.009608
19981019       0.014925
19981020      -0.005147
19981021       0.029564
19981022       0.003589
19981023      -0.001431
19981026       0.019341
19981027      -0.018271
19981028       0.021832
19981029       0.005954
19981030      -0.006267
19981102       0.029432
19981103      -0.014976
19981104       0.048818
19981105      -0.008570
19981106       0.015293
19981109       0.005894
19981110       0.016276
19981111       0.062780
19981112      -0.009644
19981113       0.010347
19981116       0.030120
19981117       0.015205
19981118       0.012673
19981119       0.027304
19981120      -0.007198
19981123       0.013385
19981124      -0.027518
19981125      -0.006225
19981127       0.002278
19981130      -0.021591
19981201       0.068525
19981202      -0.012500
19981203      -0.035773
19981204       0.062215
19981207       0.022569
19981208       0.009459
19981209      -0.007288
19981210      -0.038280
19981211       0.015812
19981214      -0.041868
19981215       0.039216
19981216      -0.015633
19981217       0.024096
19981218       0.026738
19981221       0.022396
19981222      -0.029547
19981223       0.049869
19981224       0.000000
19981228      -0.023000
19981229      -0.008700
19981230      -0.015488
19981231      -0.005244
19990104       0.018977
19990105       0.020176
19990106       0.050710
19990107      -0.001931
19990108       0.003385
19990111       0.077590
19990112      -0.029964
19990113       0.025357
19990114      -0.037770
19990115       0.012150
19990119       0.029548
19990120      -0.008072
19990121      -0.034358
19990122      -0.034644
19990125       0.013579
19990126       0.048325
19990127      -0.030580
19990128       0.033427
19990129       0.027335
19990201      -0.021729
19990202      -0.023572
19990203       0.030474
19990204      -0.061740
19990205      -0.019693
19990208       0.034787
19990209      -0.050663
19990210       0.027930
19990211       0.034449
19990212      -0.050657
19990216      -0.000988
19990217      -0.013848
19990218       0.028084
19990219      -0.000488
19990222       0.037091
19990223       0.010824
19990224      -0.028864
19990225      -0.020134
19990226      -0.061155
19990301      -0.023971
19990302      -0.061933
19990303       0.044394
19990304      -0.011444
19990305       0.011025
19990308       0.043621
19990309      -0.036050
19990310       0.013550
19990311       0.010695
19990312       0.001058
19990315      -0.003171
19990316       0.021209
19990317       0.001038
19990318       0.010892
19990319      -0.023089
19990322      -0.032563
19990323      -0.004886
19990324       0.040917
19990325      -0.011006
19990326      -0.010599
19990329       0.041778
19990330       0.000000
19990331      -0.022108
19990401       0.016824
19990405       0.054809
19990406       0.023039
19990407       0.012937
19990408      -0.008042
19990409      -0.001907
19990412      -0.063545
19990413      -0.012245
19990414      -0.057851
19990415       0.025219
19990416      -0.020321
19990419      -0.030568
19990420       0.019144
19990421       0.033149
19990422       0.052406
19990423       0.004065
19990426       0.043522
19990427      -0.033948
19990428      -0.017068
19990429      -0.006129
19990430       0.006166
19990503       0.031665
19990504      -0.022772
19990505       0.037974
19990506      -0.067383
19990507       0.020942
19990510      -0.005128
19990511       0.027835
19990512       0.003009
19990513      -0.039000
19990514      -0.034339
19990517       0.024784
19990518      -0.008412
19990519       0.012725
19990520      -0.033508
19990521      -0.011918
19990524      -0.018640
19990525      -0.054749
19990526      -0.022459
19990527       0.027811
19990528       0.017647
19990601      -0.062428
19990602       0.024661
19990603      -0.027677
19990604       0.053218
19990607       0.004700
19990608      -0.032749
19990609       0.027811
19990610       0.042353
19990611      -0.016930
19990614      -0.001148
19990615       0.024138
19990616       0.071829
19990617      -0.028272
19990618      -0.052802
19990621       0.034130
19990622      -0.019802
19990623       0.015713
19990624      -0.026519
19990625       0.004540
19990628       0.030508
19990629       0.039474
19990630       0.004219
19990701       0.056723
19990702       0.009940
19990706       0.005906
19990707       0.007828
19990708       0.021359
19990709       0.007605
19990712      -0.012264
19990713      -0.000955
19990714       0.040153
19990715      -0.004596
19990716      -0.008310
19990719       0.006518
19990720      -0.038853
19990721       0.009625
19990722      -0.025739
19990723       0.004892
19990726      -0.020448
19990727       0.074553
19990728       0.040703
19990729      -0.011556
19990730      -0.007194
19990802       0.033514
19990803       0.022787
19990804      -0.001302
19990805      -0.018884
19990806       0.001750
19990809       0.026201
19990810      -0.022979
19990811       0.059233
19990812      -0.000822
19990813       0.050206
19990816      -0.014890
19990817       0.005569
19990818      -0.006329
19990819      -0.015127
19990820       0.033953
19990823       0.037529
19990824       0.002261
19990825       0.006767
19990826      -0.031367
19990827       0.023901
19990830      -0.009036
19990831      -0.000760
19990901       0.015209
19990902       0.022472
19990903       0.046886
19990907      -0.018894
19990908      -0.019258
19990909       0.021091
19990910      -0.004274
19990913      -0.034335
19990914       0.017037
19990915      -0.032775
19990916      -0.004518
19990917       0.024206
19990920      -0.006647
19990921      -0.024535
19990922       0.009909
19990923      -0.064151
19990924      -0.023589
19990927       0.033244
19990928      -0.008793
19990929      -0.029839
19990930      -0.011638
19991001       0.008410
19991004       0.027523
19991005      -0.010552
19991006       0.009844
19991007      -0.017059
19991008       0.000826
19991011       0.010735
19991012       0.002451
19991013      -0.059495
19991014       0.016898
19991015      -0.033660
19991018      -0.021164
19991019      -0.061261
19991020       0.073896
19991021       0.025022
19991022       0.024412
19991025      -0.029787
19991026       0.002632
19991027      -0.027997
19991028       0.039604
19991029       0.072727
19991101      -0.018563
19991102       0.019737
19991103       0.029419
19991104       0.022727
19991105       0.009962
19991108      -0.003035
19991109      -0.025114
19991110      -0.013271
19991111       0.005538
19991112      -0.040913
19991115      -0.027892
19991116       0.033755
19991117      -0.023673
19991118       0.050167
19991119       0.017516
19991122       0.007825
19991123      -0.018634
19991124       0.040348
19991126      -0.023574
19991129      -0.016355
19991130      -0.028504
19991201      -0.004890
19991202       0.016380
19991203       0.014504
19991206      -0.010326
19991207      -0.008828
19991208      -0.034818
19991209      -0.016779
19991210      -0.013652
19991213       0.025087
19991214      -0.021941
19991215       0.089733
19991216       0.016627
19991217       0.022586
19991220      -0.012186
19991221       0.022359
19991222      -0.004525
19991223       0.007576
19991227       0.023308
19991228      -0.024247
19991229       0.010542
19991230      -0.002235
19991231      -0.016430
20000103       0.056948
20000104      -0.046695
20000105       0.008289
20000106      -0.058296
20000107       0.041270
20000110       0.045732
20000111       0.045918
20000112       0.017422
20000113      -0.002055
20000114       0.131778
20000118      -0.009096
20000119      -0.020196
20000120      -0.044347
20000121       0.024183
20000124       0.008934
20000125       0.027830
20000126      -0.049846
20000127       0.016839
20000128      -0.042038
20000131       0.052527
20000201       0.025268
20000202      -0.013555
20000203       0.041524
20000204       0.005399
20000207       0.030430
20000208       0.008107
20000209      -0.038484
20000210       0.028674
20000211      -0.016260
20000214       0.037780
20000215       0.019340
20000216      -0.042969
20000217       0.026239
20000218      -0.042045
20000222       0.013049
20000223       0.021663
20000224       0.047564
20000225      -0.008753
20000228      -0.007726
20000229       0.005562
20000301       0.025442
20000302      -0.001079
20000303       0.030238
20000306      -0.015723
20000307      -0.013845
20000308      -0.007019
20000309       0.029908
20000310       0.015312
20000313       0.016121
20000314      -0.034800
20000315       0.019618
20000316       0.040562
20000317       0.038481
20000320       0.039461
20000321       0.025463
20000322       0.040632
20000323      -0.009978
20000324      -0.024978
20000327       0.026067
20000328      -0.049058
20000329      -0.028098
20000330      -0.036967
20000331       0.038878
20000403      -0.009948
20000404       0.016268
20000405      -0.021657
20000406      -0.000481
20000407       0.053924
20000410      -0.041571
20000411      -0.002860
20000412      -0.067878
20000413      -0.006154
20000414      -0.087719
20000417       0.113122
20000418       0.048780
20000419      -0.077035
20000420      -0.030971
20000424       0.006501
20000425       0.076426
20000426      -0.033500
20000427       0.037248
20000428       0.011970
20000501       0.002464
20000502      -0.046706
20000503      -0.017287
20000504       0.004199
20000505       0.031887
20000508      -0.046606
20000509      -0.005845
20000510      -0.092998
20000511       0.089570
20000512      -0.004867
20000515       0.027174
20000516       0.031746
20000517       0.010769
20000518       0.006088
20000519      -0.048916
20000522       0.004242
20000523      -0.071806
20000524       0.068259
20000525      -0.018637
20000526       0.020619
20000530       0.069644
20000531      -0.008449
20000601       0.040100
20000602       0.034699
20000605      -0.012110
20000606      -0.022631
20000607      -0.004824
20000608      -0.021328
20000609       0.006934
20000612      -0.015740
20000613       0.051474
20000614      -0.038498
20000615       0.014335
20000616      -0.017057
20000619       0.082796
20000620       0.013278
20000621       0.004971
20000622      -0.035522
20000623       0.002331
20000626      -0.001395
20000627      -0.020959
20000628       0.007612
20000629      -0.004721
20000630       0.014706
20000703       0.023843
20000705      -0.038356
20000706       0.037987
20000707       0.019671
20000710      -0.010767
20000711       0.007256
20000712       0.017109
20000713       0.014166
20000714       0.024443
20000717      -0.002556
20000718      -0.022640
20000719      -0.034091
20000720       0.033032
20000721      -0.031537
20000724      -0.001357
20000725       0.020833
20000726      -0.013310
20000727      -0.014388
20000728      -0.057482
20000731       0.033882
20000801      -0.031835
20000802      -0.020309
20000803       0.027878
20000804      -0.038425
20000807       0.005994
20000808      -0.020854
20000809       0.031440
20000810      -0.024582
20000811       0.029234
20000814       0.048972
20000815       0.014006
20000816       0.002762
20000817       0.029385
20000818       0.007136
20000821       0.021258
20000822       0.000867
20000823       0.034662
20000824      -0.005025
20000825      -0.017677
20000828       0.012853
20000829       0.002538
20000830      -0.007595
20000831       0.018707
20000901      -0.012521
20000905      -0.063398
20000906      -0.051218
20000907       0.026397
20000908      -0.030584
20000911      -0.010516
20000912       0.003865
20000913      -0.056785
20000914      -0.026531
20000915      -0.035377
20000918      -0.029612
20000919       0.081747
20000920       0.044513
20000921      -0.025025
20000922      -0.220330
20000925      -0.053455
20000926      -0.045455
20000927       0.012987
20000928       0.012821
20000929      -0.064698
20001002      -0.034586
20001003       0.004673
20001004       0.041860
20001005      -0.023810
20001006      -0.025915
20001009      -0.021909
20001010      -0.038400
20001011      -0.058236
20001012       0.049470
20001013       0.087542
20001016      -0.116099
20001017       0.014011
20001018       0.055268
20001019       0.098200
20001020       0.026826
20001023       0.005806
20001024      -0.030303
20001025      -0.016369
20001026       0.081694
20001027       0.037762
20001030      -0.029650
20001031       0.000000
20001101      -0.002778
20001102       0.040390
20001103      -0.015636
20001106       0.013605
20001107      -0.008054
20001108      -0.075778
20001109      -0.030747
20001110      -0.105740
20001113       0.032095
20001114       0.072013
20001115       0.013740
20001116      -0.036145
20001117       0.037500
20001120      -0.009036
20001121       0.036474
20001122      -0.033724
20001124       0.066768
20001127       0.000000
20001128      -0.043385
20001129       0.017100
20001130      -0.109649
20001201      -0.103448
20001204      -0.034799
20001205       0.092979
20001206      -0.118056
20001207       0.017717
20001208       0.052224
20001211       0.101103
20001212      -0.025042
20001213      -0.027397
20001214      -0.010563
20001215      -0.076512
20001218       0.025048
20001219       0.005639
20001220      -0.044860
20001221       0.037182
20001222      -0.005660
20001226      -0.001898
20001227      -0.009506
20001228      -0.049904
20001229      -0.028283
20010102       0.033264
20010103       0.102113
20010104      -0.012780
20010105      -0.051318
20010108      -0.003899
20010109       0.009785
20010110       0.023256
20010111       0.011364
20010112      -0.037453
20010116      -0.023346
20010117      -0.027888
20010118       0.055328
20010119       0.042718
20010122      -0.005587
20010123       0.059925
20010124       0.024735
20010125      -0.048276
20010126       0.039855
20010129       0.033101
20010130      -0.001686
20010131       0.000000
20010201       0.021959
20010202      -0.056198
20010205      -0.027461
20010206       0.021622
20010207      -0.014109
20010208      -0.008945
20010209      -0.032491
20010212       0.031716
20010213      -0.061483
20010214       0.052023
20010215       0.049451
20010216      -0.040140
20010220      -0.085455
20010221      -0.021869
20010222      -0.024390
20010223      -0.002083
20010226      -0.014614
20010227      -0.016949
20010228      -0.015086
20010301       0.019694
20010302       0.006438
20010305       0.036247
20010306       0.037037
20010307       0.045635
20010308       0.009488
20010309      -0.114662
20010312      -0.057325
20010313       0.058559
20010314      -0.010638
20010315      -0.019355
20010316      -0.021930
20010319      -0.029148
20010320      -0.090069
20010321       0.038071
20010322       0.122249
20010323       0.004357
20010326      -0.017354
20010327       0.037528
20010328      -0.082979
20010329      -0.013921
20010330      -0.009412
20010402      -0.019596
20010403      -0.030890
20010404      -0.095000
20010405       0.132597
20010406      -0.078049
20010409      -0.017989
20010410       0.067672
20010411       0.111021
20010412       0.021802
20010416      -0.064723
20010417      -0.009886
20010418       0.201229
20010419       0.038683
20010420      -0.001847
20010423      -0.065063
20010424      -0.038918
20010425      -0.003775
20010426      -0.013434
20010427       0.053771
20010430       0.024188
20010501       0.008735
20010502       0.024375
20010503      -0.047583
20010504       0.015783
20010507       0.009067
20010508       0.010270
20010509      -0.049238
20010510      -0.030738
20010511      -0.036884
20010514      -0.018969
20010515      -0.007661
20010516       0.042647
20010517       0.008463
20010518       0.005594
20010521       0.039638
20010522      -0.012375
20010523      -0.024721
20010524       0.014236
20010525      -0.003766
20010529      -0.042955
20010530      -0.044883
20010531       0.015414
20010601       0.064050
20010604      -0.008351
20010605       0.043158
20010606       0.003027
20010607       0.044266
20010608      -0.015093
20010611      -0.011086
20010612      -0.006594
20010613      -0.035513
20010614      -0.049897
20010615       0.002535
20010618      -0.004697
20010619      -0.031942
20010620       0.030746
20010621      -0.008003
20010622       0.008801
20010625       0.038895
20010626       0.013646
20010627      -0.011046
20010628       0.034555
20010629      -0.013158
20010702       0.027692
20010703       0.013307
20010705      -0.020355
20010706      -0.047252
20010709       0.016532
20010710      -0.038408
20010711       0.009716
20010712       0.072701
20010713       0.002990
20010716      -0.035111
20010717       0.026433
20010718      -0.033779
20010719       0.037037
20010720      -0.001001
20010723      -0.031073
20010724      -0.004138
20010725       0.018698
20010726       0.012237
20010727      -0.018805
20010730      -0.006160
20010731       0.026515
20010801       0.031533
20010802       0.044228
20010803      -0.012769
20010806      -0.044192
20010807       0.011229
20010808      -0.032985
20010809       0.001351
20010810       0.010118
20010813       0.020367
20010814      -0.006872
20010815      -0.018781
20010816       0.012760
20010817      -0.069297
20010820       0.004631
20010821      -0.040071
20010822       0.032878
20010823      -0.010372
20010824       0.050958
20010827       0.002407
20010828      -0.021955
20010829      -0.014381
20010830      -0.034520
20010831       0.030593
20010904      -0.039700
20010905       0.023091
20010906      -0.049873
20010907      -0.008046
20010910       0.006953
20010917      -0.095128
20010918      -0.005087
20010919      -0.050703
20010920      -0.072262
20010921      -0.066280
20010924       0.104145
20010925       0.017363
20010926      -0.035978
20010927      -0.016746
20010928      -0.005353
20011001      -0.021037
20011002      -0.023488
20011003       0.086489
20011004       0.015073
20011005       0.019026
20011008       0.012750
20011009      -0.035522
20011010       0.075058
20011011       0.062879
20011012       0.020808
20011015      -0.025580
20011016       0.023790
20011017      -0.015625
20011018      -0.021164
20011019       0.004158
20011022       0.047619
20011023      -0.011858
20011024       0.019200
20011025       0.024333
20011026      -0.009195
20011029      -0.064965
20011030      -0.026468
20011031       0.037383
20011101       0.062244
20011102       0.013878
20011105       0.025856
20011106       0.047849
20011107       0.001416
20011108      -0.000353
20011109      -0.014144
20011112       0.017934
20011113       0.058844
20011114       0.042263
20011115      -0.017241
20011116      -0.004873
20011119       0.011753
20011120      -0.033559
20011121       0.028714
20011123       0.008114
20011126       0.026079
20011127       0.013806
20011128      -0.017023
20011129       0.017632
20011130       0.010520
20011203      -0.018983
20011204       0.025593
20011205       0.053256
20011206      -0.013002
20011207      -0.026932
20011210      -0.008724
20011211       0.007284
20011212       0.026815
20011213      -0.044308
20011214       0.021492
20011217       0.021040
20011218      -0.004710
20011219      -0.022479
20011220      -0.032375
20011221       0.013446
20011224      -0.012033
20011226       0.008432
20011227       0.011768
20011228      -0.013162
20011231      -0.024504
20020102       0.049285
20020103       0.076364
20020104       0.007601
20020107      -0.014529
20020108       0.008789
20020109      -0.006183
20020110      -0.020079
20020111      -0.002886
20020114       0.008394
20020115      -0.004592
20020116      -0.027970
20020117       0.024325
20020118      -0.030408
20020122      -0.053166
20020123       0.023659
20020124       0.023112
20020125       0.014458
20020128       0.007126
20020129      -0.036557
20020130       0.036108
20020131       0.034849
20020201      -0.010559
20020204      -0.019902
20020205      -0.004709
20020206      -0.026036
20020207      -0.018530
20020208       0.006500
20020211       0.032288
20020212      -0.017873
20020213       0.012436
20020214      -0.001198
20020215      -0.031494
20020219      -0.029421
20020220       0.003191
20020221      -0.062341
20020222       0.001696
20020225       0.050457
20020226      -0.032237
20020227      -0.004330
20020228      -0.044831
20020301       0.085114
20020304       0.028083
20020305       0.026688
20020306       0.007951
20020307       0.000607
20020308       0.036082
20020311      -0.021949
20020312      -0.012866
20020313      -0.050015
20020314      -0.011806
20020315       0.024863
20020318      -0.003781
20020319       0.003163
20020320      -0.037516
20020321       0.028497
20020322      -0.025796
20020325      -0.019287
20020326       0.025667
20020327      -0.011700
20020328       0.000000
20020401       0.024992
20020402      -0.036574
20020403      -0.005328
20020404       0.024104
20020405      -0.017653
20020408      -0.003993
20020409      -0.049115
20020410       0.028110
20020411      -0.010936
20020412      -0.019005
20020415      -0.009863
20020416       0.049804
20020417       0.038292
20020418      -0.006201
20020419      -0.011494
20020422      -0.001329
20020423      -0.017299
20020424      -0.021327
20020425       0.006226
20020426      -0.033345
20020429      -0.002845
20020430       0.020328
20020501       0.000699
20020502      -0.026546
20020503      -0.046286
20020506      -0.029367
20020507       0.014352
20020508       0.108222
20020509      -0.025535
20020510      -0.043555
20020513       0.055905
20020514       0.057153
20020515       0.002985
20020516       0.017526
20020517       0.013975
20020520      -0.032372
20020521      -0.037098
20020522       0.017888
20020523      -0.006759
20020524      -0.024838
20020528      -0.010816
20020529      -0.038095
20020530       0.005501
20020531       0.007294
20020603      -0.036206
20020604       0.033058
20020605       0.024727
20020606      -0.041874
20020607      -0.185185
20020610      -0.042273
20020611      -0.040342
20020612       0.067260
20020613      -0.021779
20020614       0.008053
20020617       0.060150
20020618      -0.023936
20020619      -0.087648
20020620      -0.042310
20020621      -0.026507
20020624       0.032034
20020625      -0.052250
20020626       0.015830
20020627       0.002149
20020628      -0.020375
20020701      -0.039956
20020702      -0.055302
20020703       0.071213
20020705       0.100845
20020708      -0.053224
20020709      -0.029189
20020710      -0.064031
20020711       0.085663
20020712      -0.014247
20020715       0.062813
20020716      -0.039749
20020717       0.058824
20020718      -0.012860
20020719      -0.028140
20020722      -0.020911
20020723      -0.024644
20020724       0.049972
20020725      -0.065241
20020726       0.018879
20020729       0.060640
20020730       0.004235
20020731      -0.009489
20020801      -0.065460
20020802      -0.048405
20020805      -0.048474
20020806       0.078715
20020807       0.034443
20020808       0.037246
20020809      -0.028292
20020812      -0.018477
20020813      -0.047347
20020814       0.095210
20020815       0.017496
20020816       0.007523
20020819       0.037867
20020820      -0.025180
20020821       0.032683
20020822      -0.022460
20020823      -0.062141
20020826       0.009465
20020827      -0.052399
20020828      -0.019790
20020829       0.017815
20020830      -0.027421
20020903      -0.048590
20020904       0.015763
20020905      -0.062073
20020906       0.073461
20020909      -0.008631
20020910       0.024254
20020911       0.009108
20020912      -0.055355
20020913       0.021019
20020916      -0.020586
20020917      -0.008280
20020918      -0.018626
20020919      -0.019634
20020920      -0.005340
20020923      -0.051544
20020924       0.014718
20020925       0.059972
20020926      -0.003289
20020927      -0.034983
20020930      -0.049932
20021001       0.056155
20021002      -0.025222
20021003      -0.032168
20021004      -0.009393
20021007       0.008023
20021008      -0.043415
20021009       0.018154
20021010       0.053492
20021011       0.073343
20021014      -0.007884
20021015       0.094040
20021016      -0.180387
20021017       0.050960
20021018       0.016163
20021021       0.068465
20021022      -0.021359
20021023       0.068783
20021024      -0.032797
20021025       0.061420
20021028       0.013261
20021029      -0.024390
20021030       0.035976
20021031       0.018246
20021101       0.057803
20021104       0.025683
20021105      -0.021311
20021106       0.043597
20021107      -0.037076
20021108      -0.015727
20021111      -0.044628
20021112       0.025952
20021113       0.018550
20021114       0.060154
20021115      -0.021343
20021118      -0.013298
20021119      -0.021563
20021120       0.055096
20021121       0.055352
20021122      -0.007917
20021125       0.021446
20021126      -0.013672
20021127       0.034653
20021129      -0.000957
20021202       0.008142
20021203      -0.035154
20021204      -0.028065
20021205      -0.039514
20021206      -0.013186
20021209      -0.055051
20021210       0.025452
20021211       0.001655
20021212       0.001652
20021213      -0.033535
20021216       0.036405
20021217      -0.018112
20021218      -0.042482
20021219      -0.007589
20021220       0.000588
20021223       0.011758
20021224      -0.024985
20021226      -0.005364
20021227      -0.017376
20021230      -0.039024
20021231      -0.012056
20030102       0.071933
20030103      -0.008987
20030106       0.038694
20030107       0.010477
20030108      -0.039171
20030109       0.022782
20030110       0.021102
20030113      -0.002296
20030114       0.023590
20030115      -0.024733
20030116      -0.008646
20030117      -0.050000
20030121      -0.003060
20030122      -0.002456
20030123       0.025846
20030124      -0.049190
20030127       0.001893
20030128       0.009446
20030129       0.039301
20030130      -0.052221
20030131      -0.005700
20030203       0.004459
20030204      -0.008244
20030205      -0.002558
20030206      -0.012837
20030207      -0.021456
20030210       0.014618
20030211       0.004584
20030212      -0.012386
20030213       0.025083
20030214       0.039923
20030218       0.034675
20030219       0.005386
20030220       0.013095
20030221      -0.014101
20030224      -0.014303
20030225       0.011487
20030226      -0.029289
20030227       0.028325
20030228       0.033533
20030303      -0.034762
20030304      -0.002401
20030305       0.021661
20030306      -0.016490
20030307      -0.041317
20030310      -0.006871
20030311      -0.003145
20030312       0.022082
20030313       0.070988
20030314      -0.010375
20030317       0.051835
20030318       0.010521
20030319      -0.014795
20030320       0.016129
20030321       0.034483
20030324      -0.056614
20030325       0.011778
20030326      -0.008315
20030327      -0.017328
20030328      -0.020478
20030331      -0.054588
20030401       0.008599
20030402       0.066991
20030403       0.002854
20030404      -0.029596
20030407       0.017595
20030408      -0.014409
20030409      -0.024561
20030410       0.011990
20030411      -0.007109
20030414       0.023866
20030415      -0.001748
20030416       0.060128
20030417       0.027533
20030421      -0.000536
20030422       0.018767
20030423       0.025263
20030424      -0.027207
20030425      -0.035356
20030428       0.025711
20030429       0.009067
20030430      -0.029070
20030501       0.009798
20030502       0.026954
20030505      -0.000525
20030506       0.027340
20030507      -0.019447
20030508      -0.015136
20030509       0.037626
20030512       0.020940
20030513      -0.008504
20030514      -0.008073
20030515       0.017294
20030516      -0.025000
20030519      -0.042564
20030520      -0.000536
20030521       0.009646
20030522      -0.003715
20030523       0.002131
20030527       0.051568
20030528      -0.002022
20030529       0.055218
20030530      -0.000480
20030602      -0.021134
20030603       0.035329
20030604       0.013318
20030605       0.021468
20030606      -0.003663
20030609      -0.004136
20030610       0.013798
20030611      -0.003596
20030612       0.011421
20030613      -0.035276
20030616       0.023924
20030617      -0.019204
20030618       0.014033
20030619      -0.029010
20030620      -0.021307
20030623      -0.014998
20030624       0.004420
20030625      -0.020049
20030626       0.029441
20030627      -0.002908
20030630       0.011667
20030701       0.028832
20030702       0.037366
20030703      -0.022062
20030707       0.054742
20030708       0.010520
20030709       0.014255
20030710      -0.024276
20030711       0.018638
20030714       0.029267
20030715       0.003331
20030716       0.050207
20030717      -0.015014
20030718      -0.010830
20030721      -0.024331
20030722       0.014963
20030723       0.015970
20030724      -0.033857
20030725       0.039216
20030728      -0.006022
20030729       0.005654
20030730      -0.016466
20030731       0.016333
20030801       0.005223
20030804       0.004396
20030805      -0.033426
20030806      -0.005356
20030807      -0.006214
20030808      -0.017090
20030811       0.013571
20030812       0.019665
20030813       0.013952
20030814       0.017402
20030815      -0.003580
20030818       0.045509
20030819       0.010691
20030820      -0.004156
20030821       0.001138
20030822       0.037893
20030825      -0.005476
20030826       0.017254
20030827       0.011187
20030828       0.009993
20030829       0.010247
20030902       0.005247
20030903      -0.018093
20030904       0.013466
20030905       0.003846
20030908       0.016371
20030909      -0.013365
20030910      -0.039250
20030911       0.013377
20030912       0.011060
20030915      -0.012350
20030916       0.032869
20030917      -0.001038
20030918       0.009695
20030919       0.000343
20030922      -0.022283
20030923       0.014691
20030924      -0.040050
20030925      -0.011879
20030926      -0.006557
20030929       0.040337
20030930      -0.029961
20031001       0.040334
20031002      -0.000349
20031003       0.034591
20031006      -0.001689
20031007       0.013194
20031008      -0.009349
20031009       0.003370
20031010       0.022170
20031013       0.012159
20031014       0.009091
20031015       0.021879
20031016       0.014798
20031017      -0.017685
20031020       0.015793
20031021      -0.001182
20031022      -0.018741
20031023      -0.009518
20031024      -0.004484
20031027       0.010940
20031028       0.039784
20031029       0.003979
20031030       0.002744
20031031       0.001824
20031103       0.033080
20031104      -0.010576
20031105       0.002375
20031106       0.011263
20031107      -0.007327
20031110      -0.014172
20031111       0.000599
20031112       0.020652
20031113      -0.009384
20031114      -0.029011
20031117      -0.017378
20031118      -0.012101
20031119       0.021357
20031120      -0.021218
20031121       0.015394
20031124       0.035272
20031125      -0.011656
20031126       0.008467
20031128       0.005697
20031201       0.014908
20031202      -0.005582
20031203      -0.015066
20031204       0.005999
20031205      -0.042934
20031208      -0.014330
20031209      -0.043932
20031210       0.005620
20031211       0.016108
20031212      -0.001618
20031215      -0.020091
20031216       0.000661
20031217      -0.002974
20031218       0.024196
20031219      -0.010680
20031222      -0.004907
20031223       0.022682
20031224      -0.000964
20031226       0.009009
20031229       0.025191
20031230      -0.003421
20031231       0.000312
20040102       0.003432
20040105       0.023321
20040106      -0.000304
20040107       0.033131
20040108       0.007355
20040109      -0.007886
20040112       0.005299
20040113      -0.016398
20040114      -0.005954
20040115      -0.009883
20040116      -0.005142
20040120      -0.008513
20040121      -0.012573
20040122      -0.017702
20040123       0.003794
20040126       0.021417
20040127      -0.024669
20040128      -0.007904
20040129      -0.015615
20040130      -0.011978
20040202      -0.006553
20040203       0.035620
20040204      -0.042675
20040205      -0.003331
20040206       0.032086
20040209      -0.010039
20040210      -0.000981
20040211       0.014735
20040212      -0.008067
20040213      -0.019519
20040217       0.022230
20040218      -0.006816
20040219      -0.023203
20040220       0.003680
20040223      -0.033333
20040224       0.006897
20040225       0.014384
20040226      -0.004051
20040227      -0.010169
20040301       0.016781
20040302      -0.003031
20040303      -0.018919
20040304       0.021005
20040305      -0.023609
20040308      -0.043178
20040309       0.010108
20040310      -0.023946
20040311      -0.008422
20040312       0.022526
20040315      -0.021307
20040316       0.002214
20040317       0.023196
20040318      -0.021231
20040319      -0.026103
20040322      -0.009815
20040323      -0.002669
20040324       0.014144
20040325       0.047493
20040326      -0.014754
20040329       0.011322
20040330      -0.009390
20040331      -0.008385
20040401       0.006618
20040402       0.027027
20040405       0.015292
20040406      -0.009807
20040407      -0.022993
20040408      -0.009051
20040412       0.008403
20040413       0.002536
20040414      -0.010842
20040415      -0.025941
20040416      -0.007877
20040419       0.008696
20040420      -0.022864
20040421       0.007844
20040422       0.009344
20040423       0.038084
20040426      -0.013803
20040427      -0.009945
20040428      -0.019717
20040429      -0.008349
20040430      -0.015308
20040503       0.012048
20040504       0.009217
20040505      -0.001522
20040506      -0.008397
20040507       0.018861
20040510       0.003022
20040511       0.045951
20040512      -0.007202
20040513      -0.004715
20040514      -0.014577
20040517      -0.007396
20040518       0.011550
20040519      -0.001473
20040520       0.011066
20040521       0.005108
20040524       0.006897
20040525       0.012978
20040526       0.009609
20040527       0.002820
20040528       0.003515
20040601      -0.007706
20040602      -0.011295
20040603      -0.021421
20040604       0.026633
20040607       0.021677
20040608       0.008348
20040609      -0.020352
20040610       0.008451
20040614      -0.022696
20040615       0.015720
20040616      -0.010904
20040617      -0.017425
20040618       0.000362
20040621      -0.004341
20040622       0.018895
20040623       0.017118
20040624      -0.019986
20040625      -0.006082
20040628      -0.014399
20040629       0.008035
20040630       0.000000
20040701      -0.021014
20040702      -0.025537
20040706      -0.008355
20040707       0.008809
20040708      -0.004556
20040709       0.013349
20040712      -0.012420
20040713      -0.003811
20040714      -0.105585
20040715      -0.009837
20040716      -0.018143
20040719       0.007919
20040720       0.014404
20040721      -0.029260
20040722       0.031472
20040723      -0.025784
20040726       0.013233
20040727       0.013061
20040728       0.008165
20040729       0.033291
20040730       0.005734
20040802       0.021329
20040803      -0.029317
20040804      -0.006620
20040805      -0.012516
20040806      -0.038023
20040809      -0.008784
20040810      -0.001329
20040811      -0.016859
20040812      -0.041516
20040813       0.015066
20040816      -0.006493
20040817       0.004155
20040818       0.033056
20040819      -0.009451
20040820      -0.017719
20040823       0.012488
20040824      -0.010050
20040825       0.012921
20040826      -0.008200
20040827       0.011484
20040830      -0.019074
20040831      -0.014352
20040901       0.006576
20040902       0.009333
20040903      -0.073047
20040907      -0.007980
20040908      -0.008547
20040909       0.022820
20040910       0.019831
20040913       0.011181
20040914      -0.001442
20040915      -0.016851
20040916      -0.015181
20040917       0.023869
20040920       0.016027
20040921       0.007648
20040922      -0.031309
20040923      -0.001959
20040924      -0.012267
20040927      -0.010432
20040928      -0.012048
20040929       0.019817
20040930      -0.000498
20041001       0.039382
20041004       0.013429
20041005       0.008992
20041006      -0.008912
20041007       0.005206
20041008      -0.032486
20041011       0.002920
20041012      -0.016012
20041013       0.035010
20041014      -0.022868
20041015       0.004876
20041018       0.008734
20041019       0.000481
20041020       0.031250
20041021       0.011189
20041022      -0.017981
20041025       0.000469
20041026       0.004223
20041027       0.028037
20041028       0.012273
20041029      -0.000449
20041101       0.008086
20041102       0.007576
20041103       0.004423
20041104       0.009263
20041105       0.020979
20041108      -0.005565
20041109      -0.006457
20041110      -0.009532
20041111       0.013561
20041112       0.022443
20041115       0.003377
20041116       0.002945
20041117       0.020134
20041118       0.019737
20041119      -0.025806
20041122      -0.002483
20041123      -0.030290
20041124       0.010270
20041126      -0.016942
20041129      -0.006463
20041130      -0.029488
20041201       0.032172
20041202      -0.016883
20041203       0.052840
20041206       0.004182
20041207      -0.022074
20041208      -0.020017
20041209      -0.010865
20041210      -0.008787
20041213       0.003103
20041214       0.026955
20041215      -0.004303
20041216      -0.011668
20041217      -0.004373
20041220      -0.003074
20041221       0.034802
20041222      -0.001703
20041223       0.003838
20041227      -0.007222
20041228      -0.003851
20041229      -0.001289
20041230       0.000000
20041231       0.006021
20050103      -0.013681
20050104      -0.019939
20050105      -0.009730
20050106       0.003126
20050107       0.015138
20050110       0.003509
20050111      -0.014860
20050112       0.027507
20050113      -0.014680
20050114       0.008764
20050118      -0.003475
20050119      -0.014821
20050120      -0.000885
20050121      -0.007086
20050124      -0.019179
20050125       0.012278
20050126       0.007188
20050127      -0.004906
20050128      -0.003138
20050131       0.009442
20050201       0.008009
20050202      -0.002201
20050203      -0.005314
20050204       0.027703
20050207      -0.003913
20050208       0.021825
20050209      -0.004699
20050210       0.008584
20050211       0.028511
20050214       0.005792
20050215       0.006582
20050216      -0.013486
20050217      -0.021127
20050218       0.016504
20050222      -0.010824
20050223      -0.018939
20050224       0.016731
20050225       0.016456
20050228      -0.004151
20050301       0.026261
20050302      -0.004062
20050303      -0.000816
20050304       0.007347
20050307       0.017423
20050308      -0.012346
20050309       0.001613
20050310       0.000403
20050311      -0.026157
20050314       0.002893
20050315      -0.016069
20050316      -0.014238
20050317      -0.005523
20050318       0.000000
20050321       0.003845
20050322      -0.020426
20050323       0.016073
20050324      -0.008978
20050328       0.005177
20050329      -0.006438
20050330       0.014687
20050331      -0.011069
20050401      -0.009470
20050404      -0.003477
20050405       0.008722
20050406      -0.003459
20050407       0.015618
20050408      -0.005126
20050411      -0.007299
20050412       0.004325
20050413      -0.017227
20050414      -0.014461
20050415      -0.016452
20050418       0.004069
20050419       0.018910
20050420       0.001326
20050421       0.030891
20050422      -0.005137
20050425       0.007315
20050426      -0.003845
20050427       0.008148
20050428      -0.013611
20050429       0.014230
20050502       0.001275
20050503       0.011890
20050504       0.015107
20050505       0.006221
20050506       0.009481
20050509       0.012658
20050510      -0.005242
20050511       0.004054
20050512       0.002826
20050513       0.011272
20050516       0.008360
20050517       0.014607
20050518       0.008949
20050519       0.003085
20050520       0.013072
20050523       0.005693
20050524       0.017358
20050525       0.001484
20050526       0.013704
20050527       0.000731
20050531      -0.015699
20050601       0.013724
20050602       0.009513
20050603      -0.009424
20050606      -0.005854
20050607      -0.011410
20050608       0.008935
20050609       0.022140
20050610      -0.025993
20050613       0.000741
20050614      -0.011111
20050615       0.008989
20050616       0.006682
20050617       0.000000
20050620      -0.008112
20050621       0.010409
20050622      -0.002575
20050623      -0.012542
20050624      -0.025028
20050627      -0.009195
20050628       0.018175
20050629      -0.003038
20050630      -0.008762
20050701       0.007302
20050705       0.017932
20050706      -0.006747
20050707       0.002264
20050708       0.027108
20050711       0.015396
20050712       0.001805
20050713      -0.005766
20050714       0.010511
20050715       0.015065
20050718      -0.002473
20050719       0.017003
20050720      -0.044235
20050721      -0.014942
20050722      -0.010359
20050725      -0.008602
20050726       0.013956
20050727       0.006322
20050728       0.010347
20050729      -0.007315
20050801      -0.001069
20050802       0.016562
20050803       0.005806
20050804      -0.022793
20050805      -0.008886
20050808      -0.002241
20050809       0.007113
20050810      -0.000744
20050811      -0.002232
20050812      -0.019016
20050815       0.008362
20050816      -0.019977
20050817       0.003462
20050818      -0.008049
20050819      -0.008887
20050822       0.015984
20050823      -0.013047
20050824      -0.007387
20050825      -0.002742
20050826      -0.001964
20050829       0.012593
20050830      -0.006218
20050831       0.005866
20050901      -0.017885
20050902       0.000792
20050906       0.016614
20050907      -0.001556
20050908       0.016758
20050909      -0.032196
20050912      -0.010297
20050913      -0.003601
20050914      -0.016466
20050915       0.002450
20050916       0.010591
20050919      -0.005240
20050920      -0.008104
20050921       0.000817
20050922       0.002449
20050923      -0.007329
20050926      -0.006563
20050927      -0.016102
20050928       0.005036
20050929       0.022129
20050930       0.006944
20051003      -0.002028
20051004      -0.004065
20051005      -0.017551
20051006      -0.012879
20051007       0.002525
20051010      -0.016793
20051011       0.000000
20051012      -0.007686
20051013      -0.001721
20051014       0.001293
20051017       0.009901
20051018       0.011083
20051019      -0.001265
20051020      -0.002955
20051021      -0.019898
20051024      -0.002160
20051025       0.000433
20051026      -0.001731
20051027      -0.009970
20051028       0.021454
20051031       0.007287
20051101      -0.036170
20051102       0.031788
20051103       0.025674
20051104       0.004186
20051107       0.021259
20051108       0.002041
20051109       0.010183
20051110       0.017742
20051111      -0.004358
20051114       0.009550
20051115      -0.011431
20051116      -0.008373
20051117       0.009650
20051118       0.007567
20051121      -0.001976
20051122       0.036040
20051123       0.018349
20051125       0.006381
20051128       0.001865
20051129      -0.002978
20051130      -0.003734
20051201       0.018741
20051202       0.009198
20051205      -0.019322
20051206      -0.008550
20051207      -0.019498
20051208      -0.017208
20051209       0.014786
20051212       0.020706
20051213       0.003757
20051214      -0.003368
20051215      -0.001878
20051216      -0.007524
20051219      -0.022744
20051220       0.001164
20051221       0.002712
20051222       0.003478
20051223       0.000000
20051227      -0.019638
20051228      -0.000785
20051229      -0.014544
20051230      -0.004388
20060103       0.024439
20060104       0.013293
20060105       0.013898
20060106       0.001523
20060109       0.006081
20060110      -0.013226
20060111       0.000770
20060112      -0.006503
20060113      -0.006931
20060117      -0.010469
20060118      -0.114459
20060119      -0.008806
20060120      -0.028576
20060123      -0.018837
20060124      -0.003279
20060125      -0.003290
20060126       0.013201
20060127       0.008376
20060130      -0.000923
20060131      -0.018245
20060201       0.013879
20060202      -0.016237
20060203      -0.016986
20060206      -0.006268
20060207       0.002911
20060208       0.000000
20060209       0.015965
20060210       0.013810
20060213      -0.007515
20060214       0.011358
20060215      -0.000936
20060216       0.000000
20060217      -0.034660
20060221       0.000485
20060222      -0.022890
20060223       0.007048
20060224       0.003450
20060227       0.007859
20060228       0.003899
20060301       0.009709
20060302      -0.014904
20060303      -0.008297
20060306      -0.000984
20060307      -0.011823
20060308      -0.002492
20060309      -0.012994
20060310       0.005063
20060313      -0.006045
20060314       0.001521
20060315       0.008097
20060316      -0.013554
20060317      -0.005598
20060320       0.004094
20060321       0.008155
20060322       0.010111
20060323      -0.014014
20060324      -0.005076
20060327       0.007653
20060328      -0.008608
20060329       0.012257
20060330      -0.006054
20060331      -0.012183
20060403      -0.005653
20060404      -0.002584
20060405       0.009326
20060406      -0.005133
20060407      -0.007224
20060410       0.006237
20060411      -0.010331
20060412      -0.002088
20060413       0.017259
20060417      -0.013368
20060418       0.010422
20060419       0.008767
20060420      -0.005624
20060421      -0.020051
20060424      -0.007870
20060425       0.012692
20060426       0.017755
20060427       0.030272
20060428      -0.004980
20060501      -0.024525
20060502       0.005131
20060503      -0.016845
20060504       0.009395
20060505       0.008790
20060508       0.030753
20060509      -0.010443
20060510      -0.016080
20060511      -0.011236
20060512      -0.016529
20060515       0.014706
20060516      -0.013458
20060517      -0.020986
20060518      -0.000536
20060519      -0.015550
20060522      -0.019063
20060523      -0.003331
20060524      -0.003343
20060525       0.008944
20060526       0.009418
20060530      -0.022503
20060531       0.011791
20060601       0.001110
20060602       0.010532
20060605      -0.013714
20060606      -0.010567
20060607      -0.022485
20060608      -0.016101
20060609       0.002922
20060612      -0.017482
20060613       0.015421
20060614       0.035631
20060615       0.021997
20060616       0.009934
20060619      -0.003279
20060620      -0.004934
20060621       0.013774
20060622      -0.008152
20060623      -0.013699
20060626       0.015556
20060627      -0.012582
20060628       0.033795
20060629       0.035364
20060630      -0.016558
20060703       0.018947
20060705      -0.031508
20060706       0.005333
20060707      -0.015385
20060710      -0.020474
20060711       0.026953
20060712      -0.042314
20060713      -0.008949
20060714       0.009029
20060717      -0.002237
20060718       0.020740
20060719       0.015376
20060720      -0.074959
20060721       0.002689
20060724       0.019242
20060725       0.003433
20060726      -0.002281
20060727      -0.001714
20060728       0.040641
20060731      -0.009901
20060801      -0.018889
20060802      -0.003964
20060803      -0.009096
20060804       0.009233
20060807      -0.009720
20060808       0.002310
20060809       0.002304
20060810       0.020115
20060811      -0.019155
20060814       0.026422
20060815       0.014549
20060816       0.026476
20060817      -0.002687
20060818      -0.008621
20060821      -0.008152
20060822       0.004932
20060823       0.002181
20060824       0.009793
20060825       0.018319
20060828       0.025397
20060829       0.015480
20060830       0.008130
20060831      -0.013609
20060901       0.015841
20060905       0.005533
20060906      -0.034017
20060907      -0.004661
20060908       0.011967
20060911      -0.002571
20060912       0.018041
20060913       0.004051
20060914      -0.002521
20060915      -0.013650
20060918       0.007176
20060919      -0.011705
20060920       0.003605
20060921      -0.015392
20060922      -0.006253
20060925       0.017829
20060926       0.028336
20060927       0.021543
20060928       0.018637
20060929      -0.009629
20061002      -0.006320
20061003       0.006360
20061004       0.012154
20061005      -0.001921
20061006      -0.007219
20061009      -0.000485
20061010       0.013094
20061011       0.000000
20061012       0.028722
20061013       0.005119
20061016       0.000463
20061017      -0.032855
20061018       0.010048
20061019      -0.003790
20061020       0.014265
20061023       0.005626
20061024       0.007925
20061025       0.004625
20061026       0.002302
20061027      -0.030776
20061030       0.007583
20061031       0.003763
20061101      -0.014995
20061102      -0.016175
20061103      -0.003385
20061106       0.014993
20061107      -0.000841
20061108      -0.004327
20061109      -0.014003
20061110       0.007835
20061113       0.020408
20061114       0.041905
20061115       0.020247
20061116       0.000314
20061117      -0.010300
20061120       0.007692
20061121      -0.031432
20061122       0.007418
20061124      -0.006443
20061127      -0.026401
20061128      -0.001903
20061129       0.012393
20061130       0.007298
20061201      -0.021734
20061204       0.013856
20061205      -0.004712
20061206      -0.010417
20061207      -0.011962
20061208       0.001453
20061211       0.000967
20061212       0.001449
20061213      -0.001447
20061214       0.003382
20061215       0.009148
20061218      -0.005725
20061219      -0.008637
20061220      -0.002904
20061221      -0.011165
20061222      -0.014237
20061226       0.003486
20061227       0.012407
20061228       0.000980
20061229      -0.008325
20070103       0.004938
20070104       0.040295
20070105      -0.003307
20070108      -0.004265
20070109       0.000952
20070110       0.023300
20070111       0.018587
20070112       0.009580
20070116       0.007682
20070117      -0.056502
20070118      -0.018536
20070119       0.008232
20070122      -0.001441
20070123      -0.011544
20070124       0.014112
20070125      -0.011516
20070126      -0.003398
20070129       0.017535
20070130       0.001915
20070131       0.001433
20070201       0.007157
20070202       0.005684
20070205       0.007654
20070206       0.001410
20070207       0.009385
20070208      -0.006973
20070209      -0.015449
20070212      -0.010937
20070213       0.004808
20070214       0.011483
20070215       0.008042
20070216      -0.003754
20070220      -0.002355
20070221      -0.014164
20070222       0.004310
20070223      -0.010014
20070226       0.004335
20070227      -0.039329
20070228      -0.008487
20070301      -0.013595
20070302      -0.018887
20070305      -0.005728
20070306       0.015181
20070307      -0.014433
20070308       0.005753
20070309      -0.006760
20070312       0.019895
20070313      -0.018480
20070314       0.005753
20070315      -0.004680
20070316       0.000522
20070319      -0.002089
20070320      -0.006279
20070321       0.018431
20070322      -0.009307
20070323       0.005741
20070326       0.001038
20070327      -0.011923
20070328      -0.010493
20070329       0.012195
20070330       0.002095
20070402       0.000000
20070403       0.009409
20070404       0.003625
20070405       0.010320
20070409       0.026558
20070410       0.028856
20070411      -0.010155
20070412       0.001466
20070413      -0.001951
20070416       0.011242
20070417       0.014016
20070418       0.017636
20070419       0.021546
20070420       0.016048
20070423      -0.011282
20070424       0.001369
20070425       0.014494
20070426      -0.007548
20070427      -0.009959
20070430      -0.016918
20070501       0.013953
20070502       0.005963
20070503      -0.003534
20070504       0.007360
20070507       0.002740
20070508       0.008652
20070509       0.014447
20070510      -0.011571
20070511       0.003152
20070514      -0.007181
20070515      -0.004973
20070516       0.007724
20070517       0.002254
20070518       0.021143
20070521      -0.003084
20070522       0.015908
20070523      -0.013919
20070524      -0.030878
20070525       0.008648
20070529       0.006318
20070530      -0.009865
20070531       0.004524
20070601       0.008120
20070604      -0.008945
20070605      -0.009025
20070606      -0.021403
20070607      -0.008376
20070608       0.024402
20070611       0.004581
20070612       0.012312
20070613       0.021261
20070614       0.024612
20070615       0.043478
20070618      -0.002888
20070619      -0.002896
20070620      -0.006639
20070621       0.014620
20070622      -0.024290
20070625      -0.009283
20070626      -0.004259
20070627       0.017536
20070628       0.005464
20070629      -0.007529
20070702       0.022329
20070703       0.013185
20070705       0.000407
20070706       0.003252
20070709       0.011341
20070710       0.000405
20070711      -0.016019
20070712       0.058201
20070713      -0.001154
20070716      -0.000770
20070717       0.014640
20070718      -0.048230
20070719       0.007981
20070720      -0.028108
20070723       0.006925
20070724      -0.007727
20070725      -0.001182
20070726      -0.020408
20070727      -0.019167
20070730       0.013169
20070731      -0.009644
20070801       0.007621
20070802       0.021008
20070803      -0.011416
20070806       0.009197
20070807      -0.000004
20070808       0.022797
20070809      -0.030794
20070810       0.002508
20070813       0.001668
20070814      -0.009159
20070815      -0.024370
20070816      -0.005168
20070817       0.025974
20070820       0.017300
20070821      -0.009125
20070822       0.010883
20070823       0.003313
20070824       0.023112
20070827      -0.013715
20070828      -0.020041
20070829       0.047162
20070830       0.007573
20070831       0.018592
20070904       0.016699
20070905      -0.007257
20070906       0.006156
20070907      -0.026004
20070910      -0.004711
20070911       0.012229
20070912      -0.007794
20070913      -0.004320
20070914      -0.016568
20070917      -0.003209
20070918       0.022535
20070919       0.010626
20070920       0.005062
20070921       0.002325
20070924       0.004252
20070925      -0.003460
20070926       0.000769
20070927      -0.005789
20070928       0.003882
20071001       0.019760
20071002       0.000341
20071003      -0.021607
20071004      -0.008136
20071005      -0.002344
20071008       0.004698
20071009       0.007011
20071010       0.001552
20071011      -0.017388
20071012       0.004719
20071015       0.007828
20071016      -0.010485
20071017       0.048666
20071018       0.009356
20071019      -0.024842
20071022       0.012928
20071023       0.006006
20071024      -0.029478
20071025      -0.004614
20071026       0.001931
20071029       0.012336
20071030       0.000381
20071031       0.023982
20071101      -0.014870
20071102       0.011321
20071105       0.005690
20071106       0.024218
20071107      -0.021462
20071108      -0.035948
20071109      -0.030193
20071112       0.005567
20071113       0.033610
20071114      -0.011094
20071115      -0.012379
20071116      -0.000783
20071119      -0.013328
20071120       0.013905
20071121      -0.034875
20071123       0.017864
20071126      -0.027918
20071127       0.030361
20071128       0.043011
20071129       0.005727
20071130      -0.009871
20071203       0.006518
20071204       0.002286
20071205       0.034588
20071206       0.027921
20071207      -0.008935
20071210       0.001803
20071211      -0.030598
20071212       0.012997
20071213      -0.004399
20071214      -0.032032
20071217      -0.021681
20071218       0.007387
20071219       0.010807
20071220       0.008400
20071221       0.020825
20071224       0.012982
20071226       0.005126
20071227      -0.022587
20071228      -0.002609
20071231      -0.003737
20080102      -0.049137
20080103      -0.026824
20080104      -0.081070
20080107       0.009263
20080108      -0.027098
20080109       0.022013
20080110      -0.009231
20080111      -0.024401
20080114       0.049568
20080115      -0.016898
20080116      -0.123843
20080117      -0.027666
20080118      -0.017072
20080122      -0.019474
20080123       0.072464
20080124       0.035536
20080125      -0.033349
20080128       0.014500
20080129       0.010350
20080130       0.009268
20080131       0.019816
20080201       0.031749
20080204      -0.026178
20080205      -0.044859
20080206      -0.010019
20080207       0.006531
20080208       0.010973
20080211       0.020227
20080212       0.010638
20080213       0.014833
20080214      -0.035361
20080215      -0.017106
20080219       0.002486
20080220       0.010913
20080221      -0.003925
20080222      -0.023645
20080225       0.006055
20080226       0.037613
20080227       0.003867
20080228      -0.013481
20080229      -0.025383
20080303       0.002008
20080304      -0.000500
20080305       0.009995
20080306      -0.016332
20080307       0.010065
20080310       0.002491
20080311       0.053683
20080312      -0.003778
20080313       0.007576
20080314      -0.029135
20080317       0.009197
20080318       0.043165
20080319      -0.030349
20080320       0.031299
20080324       0.017471
20080325       0.006326
20080326      -0.018410
20080327      -0.035224
20080328      -0.014225
20080331       0.018759
20080401       0.037299
20080402      -0.005462
20080403       0.003661
20080404      -0.002736
20080407      -0.005487
20080408      -0.030805
20080409       0.016129
20080410       0.030812
20080411      -0.038043
20080414      -0.025895
20080415       0.010633
20080416       0.058345
20080417      -0.000904
20080418       0.019900
20080421      -0.003991
20080422      -0.020926
20080423       0.025921
20080424       0.005762
20080425      -0.005729
20080428       0.006649
20080429      -0.003963
20080430      -0.015915
20080501       0.046271
20080502       0.012452
20080505      -0.008058
20080506       0.014194
20080507      -0.017388
20080508       0.009927
20080509      -0.001282
20080512       0.011553
20080513       0.005076
20080514       0.003367
20080515       0.047399
20080516       0.001201
20080519      -0.004800
20080520      -0.031752
20080521      -0.017850
20080522       0.009298
20080523      -0.019682
20080527       0.008116
20080528      -0.005509
20080529      -0.014061
20080530       0.001729
20080602       0.000863
20080603      -0.011207
20080604       0.023540
20080605       0.016610
20080606      -0.040553
20080609      -0.006200
20080610      -0.003515
20080611      -0.038360
20080612       0.011004
20080613       0.027664
20080616       0.008826
20080617      -0.012248
20080618      -0.013286
20080619       0.025583
20080620      -0.021007
20080623      -0.000447
20080624       0.002236
20080625       0.010709
20080626      -0.046799
20080627      -0.004632
20080630      -0.000465
20080701       0.004190
20080702      -0.029671
20080703      -0.012900
20080707       0.002420
20080708       0.010140
20080709      -0.053059
20080710       0.040889
20080711       0.000970
20080714      -0.008236
20080715       0.011724
20080716       0.009657
20080717       0.051650
20080718       0.004548
20080721       0.000000
20080722       0.000000
20080723       0.009507
20080724      -0.028251
20080725       0.015690
20080728      -0.015448
20080729       0.025842
20080730       0.000000
20080731      -0.001799
20080801       0.007210
20080804       0.007606
20080805       0.028419
20080806      -0.009557
20080807       0.038158
20080808       0.023659
20080811       0.006191
20080812       0.005742
20080813      -0.016313
20080814       0.009950
20080815      -0.004105
20080818      -0.010305
20080819      -0.017493
20080820      -0.008478
20080821      -0.014536
20080822       0.019089
20080825      -0.022137
20080826       0.007836
20080827       0.011231
20080828       0.007689
20080829      -0.030521
20080902      -0.012680
20080903      -0.046058
20080904      -0.047354
20080905       0.004386
20080908       0.017467
20080909      -0.030520
20080910      -0.008362
20080911       0.001488
20080912      -0.001486
20080915      -0.039683
20080916       0.006198
20080917      -0.047741
20080918       0.038275
20080919      -0.001558
20080922      -0.037961
20080923       0.007027
20080924       0.003757
20080925      -0.006952
20080926       0.033926
20080929      -0.100521
20080930       0.084540
20081001      -0.011212
20081002      -0.071274
20081003       0.006395
20081006      -0.021953
20081007      -0.053751
20081008       0.014357
20081009      -0.040000
20081010      -0.026282
20081013       0.118499
20081014      -0.062390
20081015      -0.059008
20081016       0.059373
20081017      -0.023929
20081020       0.034839
20081021      -0.049252
20081022      -0.043934
20081023      -0.004801
20081024      -0.015851
20081027      -0.002101
20081028       0.112982
20081029      -0.058008
20081030       0.082329
20081031      -0.008596
20081103      -0.024390
20081104       0.039642
20081105      -0.065191
20081106      -0.079017
20081107       0.054795
20081110      -0.019139
20081111      -0.029268
20081112      -0.029433
20081113       0.067308
20081114      -0.076923
20081117      -0.024024
20081118       0.008462
20081119      -0.047292
20081120      -0.020817
20081121       0.071954
20081124       0.034325
20081125      -0.031711
20081126       0.063976
20081128      -0.012169
20081201      -0.089855
20081202       0.057325
20081203       0.028614
20081204      -0.065154
20081205       0.040720
20081208       0.048909
20081209       0.025825
20081210      -0.002098
20081211      -0.018220
20081212       0.052819
20081215      -0.010847
20081216       0.071967
20081217      -0.024297
20081218      -0.065531
20081219       0.012623
20081222      -0.006925
20081223      -0.018828
20081224       0.011372
20081226      -0.003514
20081229      -0.003526
20081230       0.039632
20081231      -0.002042
